# oST version 5.0 parameters


[image]

width
640

height
480

[narrow_stereo]

camera matrix
635.160599 0.000000 330.034234
0.000000 640.594657 233.887105
0.000000 0.000000 1.000000

distortion
0.036169 -0.145812 -0.000633 0.004249 0.000000

rectification
1.000000 0.000000 0.000000
0.000000 1.000000 0.000000
0.000000 0.000000 1.000000

projection
634.626953 0.000000 332.328715 0.000000
0.000000 642.812500 233.659086 0.000000
0.000000 0.000000 1.000000 0.000000

